[Variables]
ercf_calib_0 = 1.0
ercf_calib_1 = 1.00114592147
ercf_calib_2 = 1.00114592147
ercf_calib_3 = 0.99438903111
ercf_calib_4 = 1.00341867044
ercf_calib_5 = 0.99888344481
ercf_calib_ref = 817.69266

